1765.0 1756.0 1508.0 1553.0 683.0 1801.0 674.0 1544.0 1925.0 1916.0 1100.0 1623.0 1916.0 2067.0 1677.0 408.0 2218.0 2324.0 1375.0 417.0 807.0 1916.0 1082.0 2333.0 1553.0 2040.0 1526.0 2209.0 825.0 834.0 1073.0 1517.0 1668.0 976.0 1677.0 2191.0 1614.0 1632.0 1553.0 1224.0 1686.0 1925.0 1765.0 816.0 541.0 1650.0 1801.0 2342.0 2040.0 559.0
1800.0 1805.0 1515.0 1490.0 690.0 1780.0 695.0 1495.0 1925.0 1930.0 1100.0 1665.0 1930.0 2060.0 1635.0 415.0 2190.0 2345.0 1375.0 410.0 835.0 1930.0 1110.0 2340.0 1490.0 2075.0 1505.0 2195.0 825.0 820.0 1115.0 1510.0 1640.0 955.0 1635.0 2205.0 1670.0 1660.0 1490.0 1245.0 1630.0 1925.0 1800.0 830.0 555.0 1650.0 1780.0 2335.0 2075.0 545.0
1800.0 1805.0 1515.0 1490.0 690.0 1780.0 695.0 1495.0 1925.0 1930.0 1100.0 1665.0 1930.0 2060.0 1635.0 415.0 2190.0 2345.0 1375.0 410.0 835.0 1930.0 1110.0 2340.0 1490.0 2075.0 1505.0 2195.0 825.0 820.0 1115.0 1510.0 1640.0 955.0 1635.0 2205.0 1670.0 1660.0 1490.0 1245.0 1630.0 1925.0 1800.0 830.0 555.0 1650.0 1780.0 2335.0 2075.0 545.0
1765.0 1756.0 1508.0 1553.0 683.0 1801.0 674.0 1544.0 1925.0 1916.0 1100.0 1623.0 1916.0 2067.0 1677.0 408.0 2218.0 2324.0 1375.0 417.0 807.0 1916.0 1082.0 2333.0 1553.0 2040.0 1526.0 2209.0 825.0 834.0 1073.0 1517.0 1668.0 976.0 1677.0 2191.0 1614.0 1632.0 1553.0 1224.0 1686.0 1925.0 1765.0 816.0 541.0 1650.0 1801.0 2342.0 2040.0 559.0
1765.0 1756.0 1508.0 1553.0 683.0 1801.0 674.0 1544.0 1925.0 1916.0 1100.0 1623.0 1916.0 2067.0 1677.0 408.0 2218.0 2324.0 1375.0 417.0 807.0 1916.0 1082.0 2333.0 1553.0 2040.0 1526.0 2209.0 825.0 834.0 1073.0 1517.0 1668.0 976.0 1677.0 2191.0 1614.0 1632.0 1553.0 1224.0 1686.0 1925.0 1765.0 816.0 541.0 1650.0 1801.0 2342.0 2040.0 559.0
1800.0 1805.0 1515.0 1490.0 690.0 1780.0 695.0 1495.0 1925.0 1930.0 1100.0 1665.0 1930.0 2060.0 1635.0 415.0 2190.0 2345.0 1375.0 410.0 835.0 1930.0 1110.0 2340.0 1490.0 2075.0 1505.0 2195.0 825.0 820.0 1115.0 1510.0 1640.0 955.0 1635.0 2205.0 1670.0 1660.0 1490.0 1245.0 1630.0 1925.0 1800.0 830.0 555.0 1650.0 1780.0 2335.0 2075.0 545.0
1800.0 1805.0 1515.0 1490.0 690.0 1780.0 695.0 1495.0 1925.0 1930.0 1100.0 1665.0 1930.0 2060.0 1635.0 415.0 2190.0 2345.0 1375.0 410.0 835.0 1930.0 1110.0 2340.0 1490.0 2075.0 1505.0 2195.0 825.0 820.0 1115.0 1510.0 1640.0 955.0 1635.0 2205.0 1670.0 1660.0 1490.0 1245.0 1630.0 1925.0 1800.0 830.0 555.0 1650.0 1780.0 2335.0 2075.0 545.0
1765.0 1756.0 1508.0 1553.0 683.0 1801.0 674.0 1544.0 1925.0 1916.0 1100.0 1623.0 1916.0 2067.0 1677.0 408.0 2218.0 2324.0 1375.0 417.0 807.0 1916.0 1082.0 2333.0 1553.0 2040.0 1526.0 2209.0 825.0 834.0 1073.0 1517.0 1668.0 976.0 1677.0 2191.0 1614.0 1632.0 1553.0 1224.0 1686.0 1925.0 1765.0 816.0 541.0 1650.0 1801.0 2342.0 2040.0 559.0
1765.0 1756.0 1508.0 1553.0 683.0 1801.0 674.0 1544.0 1925.0 1916.0 1100.0 1623.0 1916.0 2067.0 1677.0 408.0 2218.0 2324.0 1375.0 417.0 807.0 1916.0 1082.0 2333.0 1553.0 2040.0 1526.0 2209.0 825.0 834.0 1073.0 1517.0 1668.0 976.0 1677.0 2191.0 1614.0 1632.0 1553.0 1224.0 1686.0 1925.0 1765.0 816.0 541.0 1650.0 1801.0 2342.0 2040.0 559.0
1800.0 1805.0 1515.0 1490.0 690.0 1780.0 695.0 1495.0 1925.0 1930.0 1100.0 1665.0 1930.0 2060.0 1635.0 415.0 2190.0 2345.0 1375.0 410.0 835.0 1930.0 1110.0 2340.0 1490.0 2075.0 1505.0 2195.0 825.0 820.0 1115.0 1510.0 1640.0 955.0 1635.0 2205.0 1670.0 1660.0 1490.0 1245.0 1630.0 1925.0 1800.0 830.0 555.0 1650.0 1780.0 2335.0 2075.0 545.0
1800.0 1805.0 1515.0 1490.0 690.0 1780.0 695.0 1495.0 1925.0 1930.0 1100.0 1665.0 1930.0 2060.0 1635.0 415.0 2190.0 2345.0 1375.0 410.0 835.0 1930.0 1110.0 2340.0 1490.0 2075.0 1505.0 2195.0 825.0 820.0 1115.0 1510.0 1640.0 955.0 1635.0 2205.0 1670.0 1660.0 1490.0 1245.0 1630.0 1925.0 1800.0 830.0 555.0 1650.0 1780.0 2335.0 2075.0 545.0
1765.0 1756.0 1508.0 1553.0 683.0 1801.0 674.0 1544.0 1925.0 1916.0 1100.0 1623.0 1916.0 2067.0 1677.0 408.0 2218.0 2324.0 1375.0 417.0 807.0 1916.0 1082.0 2333.0 1553.0 2040.0 1526.0 2209.0 825.0 834.0 1073.0 1517.0 1668.0 976.0 1677.0 2191.0 1614.0 1632.0 1553.0 1224.0 1686.0 1925.0 1765.0 816.0 541.0 1650.0 1801.0 2342.0 2040.0 559.0
1765.0 1756.0 1508.0 1553.0 683.0 1801.0 674.0 1544.0 1925.0 1916.0 1100.0 1623.0 1916.0 2067.0 1677.0 408.0 2218.0 2324.0 1375.0 417.0 807.0 1916.0 1082.0 2333.0 1553.0 2040.0 1526.0 2209.0 825.0 834.0 1073.0 1517.0 1668.0 976.0 1677.0 2191.0 1614.0 1632.0 1553.0 1224.0 1686.0 1925.0 1765.0 816.0 541.0 1650.0 1801.0 2342.0 2040.0 559.0
1800.0 1805.0 1515.0 1490.0 690.0 1780.0 695.0 1495.0 1925.0 1930.0 1100.0 1665.0 1930.0 2060.0 1635.0 415.0 2190.0 2345.0 1375.0 410.0 835.0 1930.0 1110.0 2340.0 1490.0 2075.0 1505.0 2195.0 825.0 820.0 1115.0 1510.0 1640.0 955.0 1635.0 2205.0 1670.0 1660.0 1490.0 1245.0 1630.0 1925.0 1800.0 830.0 555.0 1650.0 1780.0 2335.0 2075.0 545.0
1800.0 1805.0 1515.0 1490.0 690.0 1780.0 695.0 1495.0 1925.0 1930.0 1100.0 1665.0 1930.0 2060.0 1635.0 415.0 2190.0 2345.0 1375.0 410.0 835.0 1930.0 1110.0 2340.0 1490.0 2075.0 1505.0 2195.0 825.0 820.0 1115.0 1510.0 1640.0 955.0 1635.0 2205.0 1670.0 1660.0 1490.0 1245.0 1630.0 1925.0 1800.0 830.0 555.0 1650.0 1780.0 2335.0 2075.0 545.0
1765.0 1756.0 1508.0 1553.0 683.0 1801.0 674.0 1544.0 1925.0 1916.0 1100.0 1623.0 1916.0 2067.0 1677.0 408.0 2218.0 2324.0 1375.0 417.0 807.0 1916.0 1082.0 2333.0 1553.0 2040.0 1526.0 2209.0 825.0 834.0 1073.0 1517.0 1668.0 976.0 1677.0 2191.0 1614.0 1632.0 1553.0 1224.0 1686.0 1925.0 1765.0 816.0 541.0 1650.0 1801.0 2342.0 2040.0 559.0
1765.0 1756.0 1508.0 1553.0 683.0 1801.0 674.0 1544.0 1925.0 1916.0 1100.0 1623.0 1916.0 2067.0 1677.0 408.0 2218.0 2324.0 1375.0 417.0 807.0 1916.0 1082.0 2333.0 1553.0 2040.0 1526.0 2209.0 825.0 834.0 1073.0 1517.0 1668.0 976.0 1677.0 2191.0 1614.0 1632.0 1553.0 1224.0 1686.0 1925.0 1765.0 816.0 541.0 1650.0 1801.0 2342.0 2040.0 559.0
1800.0 1805.0 1515.0 1490.0 690.0 1780.0 695.0 1495.0 1925.0 1930.0 1100.0 1665.0 1930.0 2060.0 1635.0 415.0 2190.0 2345.0 1375.0 410.0 835.0 1930.0 1110.0 2340.0 1490.0 2075.0 1505.0 2195.0 825.0 820.0 1115.0 1510.0 1640.0 955.0 1635.0 2205.0 1670.0 1660.0 1490.0 1245.0 1630.0 1925.0 1800.0 830.0 555.0 1650.0 1780.0 2335.0 2075.0 545.0
1800.0 1805.0 1515.0 1490.0 690.0 1780.0 695.0 1495.0 1925.0 1930.0 1100.0 1665.0 1930.0 2060.0 1635.0 415.0 2190.0 2345.0 1375.0 410.0 835.0 1930.0 1110.0 2340.0 1490.0 2075.0 1505.0 2195.0 825.0 820.0 1115.0 1510.0 1640.0 955.0 1635.0 2205.0 1670.0 1660.0 1490.0 1245.0 1630.0 1925.0 1800.0 830.0 555.0 1650.0 1780.0 2335.0 2075.0 545.0
1765.0 1756.0 1508.0 1553.0 683.0 1801.0 674.0 1544.0 1925.0 1916.0 1100.0 1623.0 1916.0 2067.0 1677.0 408.0 2218.0 2324.0 1375.0 417.0 807.0 1916.0 1082.0 2333.0 1553.0 2040.0 1526.0 2209.0 825.0 834.0 1073.0 1517.0 1668.0 976.0 1677.0 2191.0 1614.0 1632.0 1553.0 1224.0 1686.0 1925.0 1765.0 816.0 541.0 1650.0 1801.0 2342.0 2040.0 559.0
1765.0 1756.0 1508.0 1553.0 683.0 1801.0 674.0 1544.0 1925.0 1916.0 1100.0 1623.0 1916.0 2067.0 1677.0 408.0 2218.0 2324.0 1375.0 417.0 807.0 1916.0 1082.0 2333.0 1553.0 2040.0 1526.0 2209.0 825.0 834.0 1073.0 1517.0 1668.0 976.0 1677.0 2191.0 1614.0 1632.0 1553.0 1224.0 1686.0 1925.0 1765.0 816.0 541.0 1650.0 1801.0 2342.0 2040.0 559.0
1800.0 1805.0 1515.0 1490.0 690.0 1780.0 695.0 1495.0 1925.0 1930.0 1100.0 1665.0 1930.0 2060.0 1635.0 415.0 2190.0 2345.0 1375.0 410.0 835.0 1930.0 1110.0 2340.0 1490.0 2075.0 1505.0 2195.0 825.0 820.0 1115.0 1510.0 1640.0 955.0 1635.0 2205.0 1670.0 1660.0 1490.0 1245.0 1630.0 1925.0 1800.0 830.0 555.0 1650.0 1780.0 2335.0 2075.0 545.0
1800.0 1805.0 1515.0 1490.0 690.0 1780.0 695.0 1495.0 1925.0 1930.0 1100.0 1665.0 1930.0 2060.0 1635.0 415.0 2190.0 2345.0 1375.0 410.0 835.0 1930.0 1110.0 2340.0 1490.0 2075.0 1505.0 2195.0 825.0 820.0 1115.0 1510.0 1640.0 955.0 1635.0 2205.0 1670.0 1660.0 1490.0 1245.0 1630.0 1925.0 1800.0 830.0 555.0 1650.0 1780.0 2335.0 2075.0 545.0
1765.0 1756.0 1508.0 1553.0 683.0 1801.0 674.0 1544.0 1925.0 1916.0 1100.0 1623.0 1916.0 2067.0 1677.0 408.0 2218.0 2324.0 1375.0 417.0 807.0 1916.0 1082.0 2333.0 1553.0 2040.0 1526.0 2209.0 825.0 834.0 1073.0 1517.0 1668.0 976.0 1677.0 2191.0 1614.0 1632.0 1553.0 1224.0 1686.0 1925.0 1765.0 816.0 541.0 1650.0 1801.0 2342.0 2040.0 559.0
1765.0 1756.0 1508.0 1553.0 683.0 1801.0 674.0 1544.0 1925.0 1916.0 1100.0 1623.0 1916.0 2067.0 1677.0 408.0 2218.0 2324.0 1375.0 417.0 807.0 1916.0 1082.0 2333.0 1553.0 2040.0 1526.0 2209.0 825.0 834.0 1073.0 1517.0 1668.0 976.0 1677.0 2191.0 1614.0 1632.0 1553.0 1224.0 1686.0 1925.0 1765.0 816.0 541.0 1650.0 1801.0 2342.0 2040.0 559.0
1800.0 1805.0 1515.0 1490.0 690.0 1780.0 695.0 1495.0 1925.0 1930.0 1100.0 1665.0 1930.0 2060.0 1635.0 415.0 2190.0 2345.0 1375.0 410.0 835.0 1930.0 1110.0 2340.0 1490.0 2075.0 1505.0 2195.0 825.0 820.0 1115.0 1510.0 1640.0 955.0 1635.0 2205.0 1670.0 1660.0 1490.0 1245.0 1630.0 1925.0 1800.0 830.0 555.0 1650.0 1780.0 2335.0 2075.0 545.0
1800.0 1805.0 1515.0 1490.0 690.0 1780.0 695.0 1495.0 1925.0 1930.0 1100.0 1665.0 1930.0 2060.0 1635.0 415.0 2190.0 2345.0 1375.0 410.0 835.0 1930.0 1110.0 2340.0 1490.0 2075.0 1505.0 2195.0 825.0 820.0 1115.0 1510.0 1640.0 955.0 1635.0 2205.0 1670.0 1660.0 1490.0 1245.0 1630.0 1925.0 1800.0 830.0 555.0 1650.0 1780.0 2335.0 2075.0 545.0
1765.0 1756.0 1508.0 1553.0 683.0 1801.0 674.0 1544.0 1925.0 1916.0 1100.0 1623.0 1916.0 2067.0 1677.0 408.0 2218.0 2324.0 1375.0 417.0 807.0 1916.0 1082.0 2333.0 1553.0 2040.0 1526.0 2209.0 825.0 834.0 1073.0 1517.0 1668.0 976.0 1677.0 2191.0 1614.0 1632.0 1553.0 1224.0 1686.0 1925.0 1765.0 816.0 541.0 1650.0 1801.0 2342.0 2040.0 559.0
1765.0 1756.0 1508.0 1553.0 683.0 1801.0 674.0 1544.0 1925.0 1916.0 1100.0 1623.0 1916.0 2067.0 1677.0 408.0 2218.0 2324.0 1375.0 417.0 807.0 1916.0 1082.0 2333.0 1553.0 2040.0 1526.0 2209.0 825.0 834.0 1073.0 1517.0 1668.0 976.0 1677.0 2191.0 1614.0 1632.0 1553.0 1224.0 1686.0 1925.0 1765.0 816.0 541.0 1650.0 1801.0 2342.0 2040.0 559.0
1800.0 1805.0 1515.0 1490.0 690.0 1780.0 695.0 1495.0 1925.0 1930.0 1100.0 1665.0 1930.0 2060.0 1635.0 415.0 2190.0 2345.0 1375.0 410.0 835.0 1930.0 1110.0 2340.0 1490.0 2075.0 1505.0 2195.0 825.0 820.0 1115.0 1510.0 1640.0 955.0 1635.0 2205.0 1670.0 1660.0 1490.0 1245.0 1630.0 1925.0 1800.0 830.0 555.0 1650.0 1780.0 2335.0 2075.0 545.0
1800.0 1805.0 1515.0 1490.0 690.0 1780.0 695.0 1495.0 1925.0 1930.0 1100.0 1665.0 1930.0 2060.0 1635.0 415.0 2190.0 2345.0 1375.0 410.0 835.0 1930.0 1110.0 2340.0 1490.0 2075.0 1505.0 2195.0 825.0 820.0 1115.0 1510.0 1640.0 955.0 1635.0 2205.0 1670.0 1660.0 1490.0 1245.0 1630.0 1925.0 1800.0 830.0 555.0 1650.0 1780.0 2335.0 2075.0 545.0
1765.0 1756.0 1508.0 1553.0 683.0 1801.0 674.0 1544.0 1925.0 1916.0 1100.0 1623.0 1916.0 2067.0 1677.0 408.0 2218.0 2324.0 1375.0 417.0 807.0 1916.0 1082.0 2333.0 1553.0 2040.0 1526.0 2209.0 825.0 834.0 1073.0 1517.0 1668.0 976.0 1677.0 2191.0 1614.0 1632.0 1553.0 1224.0 1686.0 1925.0 1765.0 816.0 541.0 1650.0 1801.0 2342.0 2040.0 559.0
1765.0 1756.0 1508.0 1553.0 683.0 1801.0 674.0 1544.0 1925.0 1916.0 1100.0 1623.0 1916.0 2067.0 1677.0 408.0 2218.0 2324.0 1375.0 417.0 807.0 1916.0 1082.0 2333.0 1553.0 2040.0 1526.0 2209.0 825.0 834.0 1073.0 1517.0 1668.0 976.0 1677.0 2191.0 1614.0 1632.0 1553.0 1224.0 1686.0 1925.0 1765.0 816.0 541.0 1650.0 1801.0 2342.0 2040.0 559.0
1800.0 1805.0 1515.0 1490.0 690.0 1780.0 695.0 1495.0 1925.0 1930.0 1100.0 1665.0 1930.0 2060.0 1635.0 415.0 2190.0 2345.0 1375.0 410.0 835.0 1930.0 1110.0 2340.0 1490.0 2075.0 1505.0 2195.0 825.0 820.0 1115.0 1510.0 1640.0 955.0 1635.0 2205.0 1670.0 1660.0 1490.0 1245.0 1630.0 1925.0 1800.0 830.0 555.0 1650.0 1780.0 2335.0 2075.0 545.0
1800.0 1805.0 1515.0 1490.0 690.0 1780.0 695.0 1495.0 1925.0 1930.0 1100.0 1665.0 1930.0 2060.0 1635.0 415.0 2190.0 2345.0 1375.0 410.0 835.0 1930.0 1110.0 2340.0 1490.0 2075.0 1505.0 2195.0 825.0 820.0 1115.0 1510.0 1640.0 955.0 1635.0 2205.0 1670.0 1660.0 1490.0 1245.0 1630.0 1925.0 1800.0 830.0 555.0 1650.0 1780.0 2335.0 2075.0 545.0
1765.0 1756.0 1508.0 1553.0 683.0 1801.0 674.0 1544.0 1925.0 1916.0 1100.0 1623.0 1916.0 2067.0 1677.0 408.0 2218.0 2324.0 1375.0 417.0 807.0 1916.0 1082.0 2333.0 1553.0 2040.0 1526.0 2209.0 825.0 834.0 1073.0 1517.0 1668.0 976.0 1677.0 2191.0 1614.0 1632.0 1553.0 1224.0 1686.0 1925.0 1765.0 816.0 541.0 1650.0 1801.0 2342.0 2040.0 559.0
1765.0 1756.0 1508.0 1553.0 683.0 1801.0 674.0 1544.0 1925.0 1916.0 1100.0 1623.0 1916.0 2067.0 1677.0 408.0 2218.0 2324.0 1375.0 417.0 807.0 1916.0 1082.0 2333.0 1553.0 2040.0 1526.0 2209.0 825.0 834.0 1073.0 1517.0 1668.0 976.0 1677.0 2191.0 1614.0 1632.0 1553.0 1224.0 1686.0 1925.0 1765.0 816.0 541.0 1650.0 1801.0 2342.0 2040.0 559.0
1800.0 1805.0 1515.0 1490.0 690.0 1780.0 695.0 1495.0 1925.0 1930.0 1100.0 1665.0 1930.0 2060.0 1635.0 415.0 2190.0 2345.0 1375.0 410.0 835.0 1930.0 1110.0 2340.0 1490.0 2075.0 1505.0 2195.0 825.0 820.0 1115.0 1510.0 1640.0 955.0 1635.0 2205.0 1670.0 1660.0 1490.0 1245.0 1630.0 1925.0 1800.0 830.0 555.0 1650.0 1780.0 2335.0 2075.0 545.0
1800.0 1805.0 1515.0 1490.0 690.0 1780.0 695.0 1495.0 1925.0 1930.0 1100.0 1665.0 1930.0 2060.0 1635.0 415.0 2190.0 2345.0 1375.0 410.0 835.0 1930.0 1110.0 2340.0 1490.0 2075.0 1505.0 2195.0 825.0 820.0 1115.0 1510.0 1640.0 955.0 1635.0 2205.0 1670.0 1660.0 1490.0 1245.0 1630.0 1925.0 1800.0 830.0 555.0 1650.0 1780.0 2335.0 2075.0 545.0
1765.0 1756.0 1508.0 1553.0 683.0 1801.0 674.0 1544.0 1925.0 1916.0 1100.0 1623.0 1916.0 2067.0 1677.0 408.0 2218.0 2324.0 1375.0 417.0 807.0 1916.0 1082.0 2333.0 1553.0 2040.0 1526.0 2209.0 825.0 834.0 1073.0 1517.0 1668.0 976.0 1677.0 2191.0 1614.0 1632.0 1553.0 1224.0 1686.0 1925.0 1765.0 816.0 541.0 1650.0 1801.0 2342.0 2040.0 559.0
1765.0 1756.0 1508.0 1553.0 683.0 1801.0 674.0 1544.0 1925.0 1916.0 1100.0 1623.0 1916.0 2067.0 1677.0 408.0 2218.0 2324.0 1375.0 417.0 807.0 1916.0 1082.0 2333.0 1553.0 2040.0 1526.0 2209.0 825.0 834.0 1073.0 1517.0 1668.0 976.0 1677.0 2191.0 1614.0 1632.0 1553.0 1224.0 1686.0 1925.0 1765.0 816.0 541.0 1650.0 1801.0 2342.0 2040.0 559.0
1800.0 1805.0 1515.0 1490.0 690.0 1780.0 695.0 1495.0 1925.0 1930.0 1100.0 1665.0 1930.0 2060.0 1635.0 415.0 2190.0 2345.0 1375.0 410.0 835.0 1930.0 1110.0 2340.0 1490.0 2075.0 1505.0 2195.0 825.0 820.0 1115.0 1510.0 1640.0 955.0 1635.0 2205.0 1670.0 1660.0 1490.0 1245.0 1630.0 1925.0 1800.0 830.0 555.0 1650.0 1780.0 2335.0 2075.0 545.0
1800.0 1805.0 1515.0 1490.0 690.0 1780.0 695.0 1495.0 1925.0 1930.0 1100.0 1665.0 1930.0 2060.0 1635.0 415.0 2190.0 2345.0 1375.0 410.0 835.0 1930.0 1110.0 2340.0 1490.0 2075.0 1505.0 2195.0 825.0 820.0 1115.0 1510.0 1640.0 955.0 1635.0 2205.0 1670.0 1660.0 1490.0 1245.0 1630.0 1925.0 1800.0 830.0 555.0 1650.0 1780.0 2335.0 2075.0 545.0
1765.0 1756.0 1508.0 1553.0 683.0 1801.0 674.0 1544.0 1925.0 1916.0 1100.0 1623.0 1916.0 2067.0 1677.0 408.0 2218.0 2324.0 1375.0 417.0 807.0 1916.0 1082.0 2333.0 1553.0 2040.0 1526.0 2209.0 825.0 834.0 1073.0 1517.0 1668.0 976.0 1677.0 2191.0 1614.0 1632.0 1553.0 1224.0 1686.0 1925.0 1765.0 816.0 541.0 1650.0 1801.0 2342.0 2040.0 559.0
1765.0 1756.0 1508.0 1553.0 683.0 1801.0 674.0 1544.0 1925.0 1916.0 1100.0 1623.0 1916.0 2067.0 1677.0 408.0 2218.0 2324.0 1375.0 417.0 807.0 1916.0 1082.0 2333.0 1553.0 2040.0 1526.0 2209.0 825.0 834.0 1073.0 1517.0 1668.0 976.0 1677.0 2191.0 1614.0 1632.0 1553.0 1224.0 1686.0 1925.0 1765.0 816.0 541.0 1650.0 1801.0 2342.0 2040.0 559.0
1800.0 1805.0 1515.0 1490.0 690.0 1780.0 695.0 1495.0 1925.0 1930.0 1100.0 1665.0 1930.0 2060.0 1635.0 415.0 2190.0 2345.0 1375.0 410.0 835.0 1930.0 1110.0 2340.0 1490.0 2075.0 1505.0 2195.0 825.0 820.0 1115.0 1510.0 1640.0 955.0 1635.0 2205.0 1670.0 1660.0 1490.0 1245.0 1630.0 1925.0 1800.0 830.0 555.0 1650.0 1780.0 2335.0 2075.0 545.0
1800.0 1805.0 1515.0 1490.0 690.0 1780.0 695.0 1495.0 1925.0 1930.0 1100.0 1665.0 1930.0 2060.0 1635.0 415.0 2190.0 2345.0 1375.0 410.0 835.0 1930.0 1110.0 2340.0 1490.0 2075.0 1505.0 2195.0 825.0 820.0 1115.0 1510.0 1640.0 955.0 1635.0 2205.0 1670.0 1660.0 1490.0 1245.0 1630.0 1925.0 1800.0 830.0 555.0 1650.0 1780.0 2335.0 2075.0 545.0
1765.0 1756.0 1508.0 1553.0 683.0 1801.0 674.0 1544.0 1925.0 1916.0 1100.0 1623.0 1916.0 2067.0 1677.0 408.0 2218.0 2324.0 1375.0 417.0 807.0 1916.0 1082.0 2333.0 1553.0 2040.0 1526.0 2209.0 825.0 834.0 1073.0 1517.0 1668.0 976.0 1677.0 2191.0 1614.0 1632.0 1553.0 1224.0 1686.0 1925.0 1765.0 816.0 541.0 1650.0 1801.0 2342.0 2040.0 559.0
1765.0 1756.0 1508.0 1553.0 683.0 1801.0 674.0 1544.0 1925.0 1916.0 1100.0 1623.0 1916.0 2067.0 1677.0 408.0 2218.0 2324.0 1375.0 417.0 807.0 1916.0 1082.0 2333.0 1553.0 2040.0 1526.0 2209.0 825.0 834.0 1073.0 1517.0 1668.0 976.0 1677.0 2191.0 1614.0 1632.0 1553.0 1224.0 1686.0 1925.0 1765.0 816.0 541.0 1650.0 1801.0 2342.0 2040.0 559.0
1800.0 1805.0 1515.0 1490.0 690.0 1780.0 695.0 1495.0 1925.0 1930.0 1100.0 1665.0 1930.0 2060.0 1635.0 415.0 2190.0 2345.0 1375.0 410.0 835.0 1930.0 1110.0 2340.0 1490.0 2075.0 1505.0 2195.0 825.0 820.0 1115.0 1510.0 1640.0 955.0 1635.0 2205.0 1670.0 1660.0 1490.0 1245.0 1630.0 1925.0 1800.0 830.0 555.0 1650.0 1780.0 2335.0 2075.0 545.0
