4 3 6 1 2 9 10 5 7 8 1 9 8 3 5 7 10 2 6 4 9 8 10 4 1 3 2 5 6 7 7 2 5 10 8 1 6 9 3 4 4 6 1 5 7 10 3 9 2 8
7 9 1 6 10 2 8 4 3 5 2 8 5 9 3 4 7 1 6 10 5 6 2 7 9 4 3 8 10 1 4 2 6 5 8 10 9 3 7 1 7 3 2 4 6 8 1 5 9 10
7 3 2 4 6 8 1 5 9 10 4 2 6 5 8 10 9 3 7 1 5 6 2 7 9 4 3 8 10 1 2 8 5 9 3 4 7 1 6 10 7 9 1 6 10 2 8 4 3 5
4 6 1 5 7 10 3 9 2 8 7 2 5 10 8 1 6 9 3 4 9 8 10 4 1 3 2 5 6 7 1 9 8 3 5 7 10 2 6 4 4 3 6 1 2 9 10 5 7 8
4 3 6 1 2 9 10 5 7 8 1 9 8 3 5 7 10 2 6 4 9 8 10 4 1 3 2 5 6 7 7 2 5 10 8 1 6 9 3 4 4 6 1 5 7 10 3 9 2 8
7 9 1 6 10 2 8 4 3 5 2 8 5 9 3 4 7 1 6 10 5 6 2 7 9 4 3 8 10 1 4 2 6 5 8 10 9 3 7 1 7 3 2 4 6 8 1 5 9 10
7 3 2 4 6 8 1 5 9 10 4 2 6 5 8 10 9 3 7 1 5 6 2 7 9 4 3 8 10 1 2 8 5 9 3 4 7 1 6 10 7 9 1 6 10 2 8 4 3 5
4 6 1 5 7 10 3 9 2 8 7 2 5 10 8 1 6 9 3 4 9 8 10 4 1 3 2 5 6 7 1 9 8 3 5 7 10 2 6 4 4 3 6 1 2 9 10 5 7 8
4 3 6 1 2 9 10 5 7 8 1 9 8 3 5 7 10 2 6 4 9 8 10 4 1 3 2 5 6 7 7 2 5 10 8 1 6 9 3 4 4 6 1 5 7 10 3 9 2 8
7 9 1 6 10 2 8 4 3 5 2 8 5 9 3 4 7 1 6 10 5 6 2 7 9 4 3 8 10 1 4 2 6 5 8 10 9 3 7 1 7 3 2 4 6 8 1 5 9 10
7 3 2 4 6 8 1 5 9 10 4 2 6 5 8 10 9 3 7 1 5 6 2 7 9 4 3 8 10 1 2 8 5 9 3 4 7 1 6 10 7 9 1 6 10 2 8 4 3 5
4 6 1 5 7 10 3 9 2 8 7 2 5 10 8 1 6 9 3 4 9 8 10 4 1 3 2 5 6 7 1 9 8 3 5 7 10 2 6 4 4 3 6 1 2 9 10 5 7 8
4 3 6 1 2 9 10 5 7 8 1 9 8 3 5 7 10 2 6 4 9 8 10 4 1 3 2 5 6 7 7 2 5 10 8 1 6 9 3 4 4 6 1 5 7 10 3 9 2 8
7 9 1 6 10 2 8 4 3 5 2 8 5 9 3 4 7 1 6 10 5 6 2 7 9 4 3 8 10 1 4 2 6 5 8 10 9 3 7 1 7 3 2 4 6 8 1 5 9 10
7 3 2 4 6 8 1 5 9 10 4 2 6 5 8 10 9 3 7 1 5 6 2 7 9 4 3 8 10 1 2 8 5 9 3 4 7 1 6 10 7 9 1 6 10 2 8 4 3 5
4 6 1 5 7 10 3 9 2 8 7 2 5 10 8 1 6 9 3 4 9 8 10 4 1 3 2 5 6 7 1 9 8 3 5 7 10 2 6 4 4 3 6 1 2 9 10 5 7 8
4 3 6 1 2 9 10 5 7 8 1 9 8 3 5 7 10 2 6 4 9 8 10 4 1 3 2 5 6 7 7 2 5 10 8 1 6 9 3 4 4 6 1 5 7 10 3 9 2 8
7 9 1 6 10 2 8 4 3 5 2 8 5 9 3 4 7 1 6 10 5 6 2 7 9 4 3 8 10 1 4 2 6 5 8 10 9 3 7 1 7 3 2 4 6 8 1 5 9 10
7 3 2 4 6 8 1 5 9 10 4 2 6 5 8 10 9 3 7 1 5 6 2 7 9 4 3 8 10 1 2 8 5 9 3 4 7 1 6 10 7 9 1 6 10 2 8 4 3 5
4 6 1 5 7 10 3 9 2 8 7 2 5 10 8 1 6 9 3 4 9 8 10 4 1 3 2 5 6 7 1 9 8 3 5 7 10 2 6 4 4 3 6 1 2 9 10 5 7 8
4 3 6 1 2 9 10 5 7 8 1 9 8 3 5 7 10 2 6 4 9 8 10 4 1 3 2 5 6 7 7 2 5 10 8 1 6 9 3 4 4 6 1 5 7 10 3 9 2 8
7 9 1 6 10 2 8 4 3 5 2 8 5 9 3 4 7 1 6 10 5 6 2 7 9 4 3 8 10 1 4 2 6 5 8 10 9 3 7 1 7 3 2 4 6 8 1 5 9 10
7 3 2 4 6 8 1 5 9 10 4 2 6 5 8 10 9 3 7 1 5 6 2 7 9 4 3 8 10 1 2 8 5 9 3 4 7 1 6 10 7 9 1 6 10 2 8 4 3 5
4 6 1 5 7 10 3 9 2 8 7 2 5 10 8 1 6 9 3 4 9 8 10 4 1 3 2 5 6 7 1 9 8 3 5 7 10 2 6 4 4 3 6 1 2 9 10 5 7 8
4 3 6 1 2 9 10 5 7 8 1 9 8 3 5 7 10 2 6 4 9 8 10 4 1 3 2 5 6 7 7 2 5 10 8 1 6 9 3 4 4 6 1 5 7 10 3 9 2 8
7 9 1 6 10 2 8 4 3 5 2 8 5 9 3 4 7 1 6 10 5 6 2 7 9 4 3 8 10 1 4 2 6 5 8 10 9 3 7 1 7 3 2 4 6 8 1 5 9 10
7 3 2 4 6 8 1 5 9 10 4 2 6 5 8 10 9 3 7 1 5 6 2 7 9 4 3 8 10 1 2 8 5 9 3 4 7 1 6 10 7 9 1 6 10 2 8 4 3 5
4 6 1 5 7 10 3 9 2 8 7 2 5 10 8 1 6 9 3 4 9 8 10 4 1 3 2 5 6 7 1 9 8 3 5 7 10 2 6 4 4 3 6 1 2 9 10 5 7 8
4 3 6 1 2 9 10 5 7 8 1 9 8 3 5 7 10 2 6 4 9 8 10 4 1 3 2 5 6 7 7 2 5 10 8 1 6 9 3 4 4 6 1 5 7 10 3 9 2 8
7 9 1 6 10 2 8 4 3 5 2 8 5 9 3 4 7 1 6 10 5 6 2 7 9 4 3 8 10 1 4 2 6 5 8 10 9 3 7 1 7 3 2 4 6 8 1 5 9 10
7 3 2 4 6 8 1 5 9 10 4 2 6 5 8 10 9 3 7 1 5 6 2 7 9 4 3 8 10 1 2 8 5 9 3 4 7 1 6 10 7 9 1 6 10 2 8 4 3 5
4 6 1 5 7 10 3 9 2 8 7 2 5 10 8 1 6 9 3 4 9 8 10 4 1 3 2 5 6 7 1 9 8 3 5 7 10 2 6 4 4 3 6 1 2 9 10 5 7 8
4 3 6 1 2 9 10 5 7 8 1 9 8 3 5 7 10 2 6 4 9 8 10 4 1 3 2 5 6 7 7 2 5 10 8 1 6 9 3 4 4 6 1 5 7 10 3 9 2 8
7 9 1 6 10 2 8 4 3 5 2 8 5 9 3 4 7 1 6 10 5 6 2 7 9 4 3 8 10 1 4 2 6 5 8 10 9 3 7 1 7 3 2 4 6 8 1 5 9 10
7 3 2 4 6 8 1 5 9 10 4 2 6 5 8 10 9 3 7 1 5 6 2 7 9 4 3 8 10 1 2 8 5 9 3 4 7 1 6 10 7 9 1 6 10 2 8 4 3 5
4 6 1 5 7 10 3 9 2 8 7 2 5 10 8 1 6 9 3 4 9 8 10 4 1 3 2 5 6 7 1 9 8 3 5 7 10 2 6 4 4 3 6 1 2 9 10 5 7 8
4 3 6 1 2 9 10 5 7 8 1 9 8 3 5 7 10 2 6 4 9 8 10 4 1 3 2 5 6 7 7 2 5 10 8 1 6 9 3 4 4 6 1 5 7 10 3 9 2 8
7 9 1 6 10 2 8 4 3 5 2 8 5 9 3 4 7 1 6 10 5 6 2 7 9 4 3 8 10 1 4 2 6 5 8 10 9 3 7 1 7 3 2 4 6 8 1 5 9 10
7 3 2 4 6 8 1 5 9 10 4 2 6 5 8 10 9 3 7 1 5 6 2 7 9 4 3 8 10 1 2 8 5 9 3 4 7 1 6 10 7 9 1 6 10 2 8 4 3 5
4 6 1 5 7 10 3 9 2 8 7 2 5 10 8 1 6 9 3 4 9 8 10 4 1 3 2 5 6 7 1 9 8 3 5 7 10 2 6 4 4 3 6 1 2 9 10 5 7 8
4 3 6 1 2 9 10 5 7 8 1 9 8 3 5 7 10 2 6 4 9 8 10 4 1 3 2 5 6 7 7 2 5 10 8 1 6 9 3 4 4 6 1 5 7 10 3 9 2 8
7 9 1 6 10 2 8 4 3 5 2 8 5 9 3 4 7 1 6 10 5 6 2 7 9 4 3 8 10 1 4 2 6 5 8 10 9 3 7 1 7 3 2 4 6 8 1 5 9 10
7 3 2 4 6 8 1 5 9 10 4 2 6 5 8 10 9 3 7 1 5 6 2 7 9 4 3 8 10 1 2 8 5 9 3 4 7 1 6 10 7 9 1 6 10 2 8 4 3 5
4 6 1 5 7 10 3 9 2 8 7 2 5 10 8 1 6 9 3 4 9 8 10 4 1 3 2 5 6 7 1 9 8 3 5 7 10 2 6 4 4 3 6 1 2 9 10 5 7 8
4 3 6 1 2 9 10 5 7 8 1 9 8 3 5 7 10 2 6 4 9 8 10 4 1 3 2 5 6 7 7 2 5 10 8 1 6 9 3 4 4 6 1 5 7 10 3 9 2 8
7 9 1 6 10 2 8 4 3 5 2 8 5 9 3 4 7 1 6 10 5 6 2 7 9 4 3 8 10 1 4 2 6 5 8 10 9 3 7 1 7 3 2 4 6 8 1 5 9 10
7 3 2 4 6 8 1 5 9 10 4 2 6 5 8 10 9 3 7 1 5 6 2 7 9 4 3 8 10 1 2 8 5 9 3 4 7 1 6 10 7 9 1 6 10 2 8 4 3 5
4 6 1 5 7 10 3 9 2 8 7 2 5 10 8 1 6 9 3 4 9 8 10 4 1 3 2 5 6 7 1 9 8 3 5 7 10 2 6 4 4 3 6 1 2 9 10 5 7 8
4 3 6 1 2 9 10 5 7 8 1 9 8 3 5 7 10 2 6 4 9 8 10 4 1 3 2 5 6 7 7 2 5 10 8 1 6 9 3 4 4 6 1 5 7 10 3 9 2 8
7 9 1 6 10 2 8 4 3 5 2 8 5 9 3 4 7 1 6 10 5 6 2 7 9 4 3 8 10 1 4 2 6 5 8 10 9 3 7 1 7 3 2 4 6 8 1 5 9 10