9 10 6 1 3 5 4 2 7 8 4 9 8 7 3 2 6 10 5 1 5 8 6 9 1 10 4 7 3 2 7 5 4 2 3 9 10 8 1 6 2 7 9 4 3 6 5 8 10 1
4 3 5 10 2 8 1 9 7 6 4 3 6 8 9 1 10 7 5 2 1 6 2 8 10 5 7 9 3 4 1 6 8 5 9 7 2 4 10 3 10 7 4 2 1 6 8 9 5 3
9 10 6 1 3 5 4 2 7 8 4 9 8 7 3 2 6 10 5 1 5 8 6 9 1 10 4 7 3 2 7 5 4 2 3 9 10 8 1 6 2 7 9 4 3 6 5 8 10 1
4 3 5 10 2 8 1 9 7 6 4 3 6 8 9 1 10 7 5 2 1 6 2 8 10 5 7 9 3 4 1 6 8 5 9 7 2 4 10 3 10 7 4 2 1 6 8 9 5 3
9 10 6 1 3 5 4 2 7 8 4 9 8 7 3 2 6 10 5 1 5 8 6 9 1 10 4 7 3 2 7 5 4 2 3 9 10 8 1 6 2 7 9 4 3 6 5 8 10 1
4 3 5 10 2 8 1 9 7 6 4 3 6 8 9 1 10 7 5 2 1 6 2 8 10 5 7 9 3 4 1 6 8 5 9 7 2 4 10 3 10 7 4 2 1 6 8 9 5 3
9 10 6 1 3 5 4 2 7 8 4 9 8 7 3 2 6 10 5 1 5 8 6 9 1 10 4 7 3 2 7 5 4 2 3 9 10 8 1 6 2 7 9 4 3 6 5 8 10 1
4 3 5 10 2 8 1 9 7 6 4 3 6 8 9 1 10 7 5 2 1 6 2 8 10 5 7 9 3 4 1 6 8 5 9 7 2 4 10 3 10 7 4 2 1 6 8 9 5 3
9 10 6 1 3 5 4 2 7 8 4 9 8 7 3 2 6 10 5 1 5 8 6 9 1 10 4 7 3 2 7 5 4 2 3 9 10 8 1 6 2 7 9 4 3 6 5 8 10 1
4 3 5 10 2 8 1 9 7 6 4 3 6 8 9 1 10 7 5 2 1 6 2 8 10 5 7 9 3 4 1 6 8 5 9 7 2 4 10 3 10 7 4 2 1 6 8 9 5 3
9 10 6 1 3 5 4 2 7 8 4 9 8 7 3 2 6 10 5 1 5 8 6 9 1 10 4 7 3 2 7 5 4 2 3 9 10 8 1 6 2 7 9 4 3 6 5 8 10 1
4 3 5 10 2 8 1 9 7 6 4 3 6 8 9 1 10 7 5 2 1 6 2 8 10 5 7 9 3 4 1 6 8 5 9 7 2 4 10 3 10 7 4 2 1 6 8 9 5 3
9 10 6 1 3 5 4 2 7 8 4 9 8 7 3 2 6 10 5 1 5 8 6 9 1 10 4 7 3 2 7 5 4 2 3 9 10 8 1 6 2 7 9 4 3 6 5 8 10 1
4 3 5 10 2 8 1 9 7 6 4 3 6 8 9 1 10 7 5 2 1 6 2 8 10 5 7 9 3 4 1 6 8 5 9 7 2 4 10 3 10 7 4 2 1 6 8 9 5 3
9 10 6 1 3 5 4 2 7 8 4 9 8 7 3 2 6 10 5 1 5 8 6 9 1 10 4 7 3 2 7 5 4 2 3 9 10 8 1 6 2 7 9 4 3 6 5 8 10 1
4 3 5 10 2 8 1 9 7 6 4 3 6 8 9 1 10 7 5 2 1 6 2 8 10 5 7 9 3 4 1 6 8 5 9 7 2 4 10 3 10 7 4 2 1 6 8 9 5 3
9 10 6 1 3 5 4 2 7 8 4 9 8 7 3 2 6 10 5 1 5 8 6 9 1 10 4 7 3 2 7 5 4 2 3 9 10 8 1 6 2 7 9 4 3 6 5 8 10 1
4 3 5 10 2 8 1 9 7 6 4 3 6 8 9 1 10 7 5 2 1 6 2 8 10 5 7 9 3 4 1 6 8 5 9 7 2 4 10 3 10 7 4 2 1 6 8 9 5 3
9 10 6 1 3 5 4 2 7 8 4 9 8 7 3 2 6 10 5 1 5 8 6 9 1 10 4 7 3 2 7 5 4 2 3 9 10 8 1 6 2 7 9 4 3 6 5 8 10 1
4 3 5 10 2 8 1 9 7 6 4 3 6 8 9 1 10 7 5 2 1 6 2 8 10 5 7 9 3 4 1 6 8 5 9 7 2 4 10 3 10 7 4 2 1 6 8 9 5 3
9 10 6 1 3 5 4 2 7 8 4 9 8 7 3 2 6 10 5 1 5 8 6 9 1 10 4 7 3 2 7 5 4 2 3 9 10 8 1 6 2 7 9 4 3 6 5 8 10 1
4 3 5 10 2 8 1 9 7 6 4 3 6 8 9 1 10 7 5 2 1 6 2 8 10 5 7 9 3 4 1 6 8 5 9 7 2 4 10 3 10 7 4 2 1 6 8 9 5 3
9 10 6 1 3 5 4 2 7 8 4 9 8 7 3 2 6 10 5 1 5 8 6 9 1 10 4 7 3 2 7 5 4 2 3 9 10 8 1 6 2 7 9 4 3 6 5 8 10 1
4 3 5 10 2 8 1 9 7 6 4 3 6 8 9 1 10 7 5 2 1 6 2 8 10 5 7 9 3 4 1 6 8 5 9 7 2 4 10 3 10 7 4 2 1 6 8 9 5 3
9 10 6 1 3 5 4 2 7 8 4 9 8 7 3 2 6 10 5 1 5 8 6 9 1 10 4 7 3 2 7 5 4 2 3 9 10 8 1 6 2 7 9 4 3 6 5 8 10 1
4 3 5 10 2 8 1 9 7 6 4 3 6 8 9 1 10 7 5 2 1 6 2 8 10 5 7 9 3 4 1 6 8 5 9 7 2 4 10 3 10 7 4 2 1 6 8 9 5 3
9 10 6 1 3 5 4 2 7 8 4 9 8 7 3 2 6 10 5 1 5 8 6 9 1 10 4 7 3 2 7 5 4 2 3 9 10 8 1 6 2 7 9 4 3 6 5 8 10 1
4 3 5 10 2 8 1 9 7 6 4 3 6 8 9 1 10 7 5 2 1 6 2 8 10 5 7 9 3 4 1 6 8 5 9 7 2 4 10 3 10 7 4 2 1 6 8 9 5 3
9 10 6 1 3 5 4 2 7 8 4 9 8 7 3 2 6 10 5 1 5 8 6 9 1 10 4 7 3 2 7 5 4 2 3 9 10 8 1 6 2 7 9 4 3 6 5 8 10 1
4 3 5 10 2 8 1 9 7 6 4 3 6 8 9 1 10 7 5 2 1 6 2 8 10 5 7 9 3 4 1 6 8 5 9 7 2 4 10 3 10 7 4 2 1 6 8 9 5 3
9 10 6 1 3 5 4 2 7 8 4 9 8 7 3 2 6 10 5 1 5 8 6 9 1 10 4 7 3 2 7 5 4 2 3 9 10 8 1 6 2 7 9 4 3 6 5 8 10 1
4 3 5 10 2 8 1 9 7 6 4 3 6 8 9 1 10 7 5 2 1 6 2 8 10 5 7 9 3 4 1 6 8 5 9 7 2 4 10 3 10 7 4 2 1 6 8 9 5 3
9 10 6 1 3 5 4 2 7 8 4 9 8 7 3 2 6 10 5 1 5 8 6 9 1 10 4 7 3 2 7 5 4 2 3 9 10 8 1 6 2 7 9 4 3 6 5 8 10 1
4 3 5 10 2 8 1 9 7 6 4 3 6 8 9 1 10 7 5 2 1 6 2 8 10 5 7 9 3 4 1 6 8 5 9 7 2 4 10 3 10 7 4 2 1 6 8 9 5 3
9 10 6 1 3 5 4 2 7 8 4 9 8 7 3 2 6 10 5 1 5 8 6 9 1 10 4 7 3 2 7 5 4 2 3 9 10 8 1 6 2 7 9 4 3 6 5 8 10 1
4 3 5 10 2 8 1 9 7 6 4 3 6 8 9 1 10 7 5 2 1 6 2 8 10 5 7 9 3 4 1 6 8 5 9 7 2 4 10 3 10 7 4 2 1 6 8 9 5 3
9 10 6 1 3 5 4 2 7 8 4 9 8 7 3 2 6 10 5 1 5 8 6 9 1 10 4 7 3 2 7 5 4 2 3 9 10 8 1 6 2 7 9 4 3 6 5 8 10 1
4 3 5 10 2 8 1 9 7 6 4 3 6 8 9 1 10 7 5 2 1 6 2 8 10 5 7 9 3 4 1 6 8 5 9 7 2 4 10 3 10 7 4 2 1 6 8 9 5 3
9 10 6 1 3 5 4 2 7 8 4 9 8 7 3 2 6 10 5 1 5 8 6 9 1 10 4 7 3 2 7 5 4 2 3 9 10 8 1 6 2 7 9 4 3 6 5 8 10 1
4 3 5 10 2 8 1 9 7 6 4 3 6 8 9 1 10 7 5 2 1 6 2 8 10 5 7 9 3 4 1 6 8 5 9 7 2 4 10 3 10 7 4 2 1 6 8 9 5 3
9 10 6 1 3 5 4 2 7 8 4 9 8 7 3 2 6 10 5 1 5 8 6 9 1 10 4 7 3 2 7 5 4 2 3 9 10 8 1 6 2 7 9 4 3 6 5 8 10 1
4 3 5 10 2 8 1 9 7 6 4 3 6 8 9 1 10 7 5 2 1 6 2 8 10 5 7 9 3 4 1 6 8 5 9 7 2 4 10 3 10 7 4 2 1 6 8 9 5 3
9 10 6 1 3 5 4 2 7 8 4 9 8 7 3 2 6 10 5 1 5 8 6 9 1 10 4 7 3 2 7 5 4 2 3 9 10 8 1 6 2 7 9 4 3 6 5 8 10 1
4 3 5 10 2 8 1 9 7 6 4 3 6 8 9 1 10 7 5 2 1 6 2 8 10 5 7 9 3 4 1 6 8 5 9 7 2 4 10 3 10 7 4 2 1 6 8 9 5 3
9 10 6 1 3 5 4 2 7 8 4 9 8 7 3 2 6 10 5 1 5 8 6 9 1 10 4 7 3 2 7 5 4 2 3 9 10 8 1 6 2 7 9 4 3 6 5 8 10 1
4 3 5 10 2 8 1 9 7 6 4 3 6 8 9 1 10 7 5 2 1 6 2 8 10 5 7 9 3 4 1 6 8 5 9 7 2 4 10 3 10 7 4 2 1 6 8 9 5 3
9 10 6 1 3 5 4 2 7 8 4 9 8 7 3 2 6 10 5 1 5 8 6 9 1 10 4 7 3 2 7 5 4 2 3 9 10 8 1 6 2 7 9 4 3 6 5 8 10 1
4 3 5 10 2 8 1 9 7 6 4 3 6 8 9 1 10 7 5 2 1 6 2 8 10 5 7 9 3 4 1 6 8 5 9 7 2 4 10 3 10 7 4 2 1 6 8 9 5 3
9 10 6 1 3 5 4 2 7 8 4 9 8 7 3 2 6 10 5 1 5 8 6 9 1 10 4 7 3 2 7 5 4 2 3 9 10 8 1 6 2 7 9 4 3 6 5 8 10 1
4 3 5 10 2 8 1 9 7 6 4 3 6 8 9 1 10 7 5 2 1 6 2 8 10 5 7 9 3 4 1 6 8 5 9 7 2 4 10 3 10 7 4 2 1 6 8 9 5 3