1 8 9 3 7 6 2 4 5 10
5 10 9 6 2 7 4 8 1 3
5 4 10 2 1 7 8 9 6 3
6 5 8 1 3 10 4 2 7 9
3 2 8 9 5 1 4 6 10 7
10 9 8 3 4 6 5 7 2 1
3 2 8 7 10 6 4 5 9 1
5 2 9 8 6 10 1 7 3 4
6 3 2 8 10 5 7 1 4 9
8 5 2 1 4 6 3 7 9 10
2 8 9 5 10 6 3 7 4 1
3 5 10 8 2 9 4 1 7 6
8 6 10 2 7 5 4 9 3 1
3 7 2 1 5 6 10 4 8 9
5 1 4 8 2 3 6 10 7 9
7 5 10 2 9 8 3 1 6 4
6 5 7 3 2 10 1 8 9 4
7 10 1 8 6 4 3 5 9 2
2 4 8 1 10 7 3 9 5 6
5 6 10 9 4 1 7 8 2 3
6 7 10 4 5 3 8 1 2 9
1 10 6 4 3 7 8 2 9 5
5 8 6 9 2 1 7 4 3 10
5 4 7 6 8 1 9 10 3 2
10 3 2 8 5 1 6 7 9 4
6 8 5 1 10 9 2 3 4 7
3 6 7 2 5 1 4 9 8 10
5 6 7 8 2 4 10 1 3 9
10 5 1 7 3 8 6 4 2 9
1 2 6 3 4 7 10 8 9 5
10 3 8 7 9 4 5 6 2 1
5 3 1 10 2 6 4 7 8 9
10 5 3 4 9 6 2 8 1 7
7 3 9 5 8 10 6 1 2 4
2 7 8 9 1 3 6 10 4 5
8 10 9 7 2 6 5 4 3 1
7 5 2 3 10 6 8 9 4 1
2 9 7 5 1 10 4 6 3 8
7 5 10 1 4 2 8 3 9 6
1 2 4 6 9 7 10 8 5 3
8 10 6 4 9 7 2 1 3 5
8 5 3 10 2 1 7 6 9 4
8 9 2 1 7 4 3 6 10 5
2 5 9 8 6 10 3 1 7 4
2 5 9 10 7 8 3 4 6 1
5 7 10 2 4 1 6 9 3 8
9 8 10 6 1 2 5 7 3 4
1 8 3 7 10 9 5 2 6 4
6 9 5 1 4 8 7 2 3 10
6 4 3 10 1 5 8 7 2 9